-- age 값 넣기
INSERT INTO age_range (id, range_description) VALUES
	(1, '나이정보 없음'),
    (2, '0~9'),
    (3, '10-19'),
    (4, '20-29'),
    (5, '30-39'),
    (6, '40-49'),
    (7, '50-59'),
    (8, '60-');

INSERT INTO `location` (`id`, `city`, `lat`, `lon`)
VALUES
(1,'서울',37.5665,126.978),
(2,'인천',37.4563,126.7052),
(3,'수원',37.2636,127.0286),
(4,'성남',37.4172,127.1269),
(5,'부천',37.5034,126.7665),
(6,'안양',37.3943,126.9578),
(7,'고양',37.6583,126.8327),
(8,'용인',37.2411,127.1776),
(9,'청주',36.6439,127.5018),
(10,'천안',36.8151,127.113),
(11,'전주',35.8242,127.148),
(12,'광주',35.1595,126.8526),
(13,'대전',36.3504,127.3845),
(14,'포항',36.0188,129.3435),
(15,'창원',35.2211,128.5836),
(16,'안산',37.3218,126.8309),
(17,'공주',36.4566,127.1242),
(18,'군산',35.9679,126.7364),
(19,'제주',33.489,126.4983),
(20,'경주',35.8428,129.2117),
(21,'여수',34.7604,127.6623),
(22,'거제',34.88,128.6139),
(23,'순천',34.95,127.4897),
(24,'아산',36.7842,127.0018),
(25,'이천',37.2794,127.4422),
(26,'구미',36.1213,128.3448),
(27,'김천',36.1397,128.1131),
(28,'하남',37.5398,127.2143),
(29,'김포',37.6153,126.7151),
(30,'원주',37.3441,127.9462),
(31,'의정부',37.7391,127.0339),
(32,'부산',35.1796,129.0756),
(33,'안동',36.5662,128.7237),
(34,'구리',37.6016,127.1432),
(35,'포천',37.8944,127.2008),
(36,'경산',35.8236,128.7378),
(37,'남양주',37.6352,127.2165),
(38,'춘천',37.8797,127.7308),
(39,'하동',35.0551,127.7555),
(40,'정읍',35.5697,126.8518),
(41,'양주',37.7749,127.0456),
(42,'여주',37.2958,127.6378),
(43,'김제',35.8036,126.8888),
(44,'정선',37.1469,128.8262),
(45,'태백',37.1743,128.9859),
(46,'고성',34.9752,128.3235),
(47,'영천',35.9737,128.9382),
(48,'경산시',35.8236,128.7378),
(49,'상주',36.4158,128.1572),
(50,'영덕',36.4186,129.3746),
(51,'문경',36.5852,128.1951),
(52,'고흥',34.6115,127.2756),
(53,'광양',34.9526,127.7286),
(54,'함안',35.2766,128.3722),
(55,'거창',35.6864,127.9118),
(56,'함양',35.5218,127.7258),
(57,'산청',35.4135,127.8776),
(58,'하동',35.0551,127.7555),
(59,'합천',35.5702,128.1558),
(60,'의령',35.3223,128.2879),
(61,'함평',35.0666,126.5184),
(62,'창녕',35.5447,128.4926),
(63,'무안',34.9906,126.4847),
(64,'영암',34.7979,126.6968),
(65,'봉화',36.9465,128.9144),
(66,'의성',36.3544,128.6957),
(67,'청송',36.4351,129.0425),
(68,'청도',35.6486,128.728),
(69,'영양',36.6594,129.1154),
(70,'영덕',36.4186,129.3746),
(71,'군위',36.2397,128.5727),
(72,'구미시',36.1213,128.3448),
(73,'영주',36.8311,128.625),
(74,'예천',36.6579,128.4381),
(75,'의성군',36.3544,128.6957),
(76,'영천시',35.9737,128.9382),
(77,'울진',36.991,129.4115),
(78,'경주시',35.8428,129.2117),
(79,'칠곡',35.9442,128.4858),
(80,'청도군',35.6486,128.728),
(81,'성주',35.9145,128.2902),
(82,'영천군',35.9737,128.9382),
(83,'봉화군',36.9465,128.9144),
(84,'김천시',36.1397,128.1131),
(85,'부안군',35.7293,126.7356),
(86,'괴산군',36.8008,127.7975),
(87,'진천군',36.8629,127.4375),
(88,'청주시',36.6439,127.5018),
(89,'옥천군',36.3017,127.5652),
(90,'단양군',36.9836,128.3696),
(91,'보령시',36.3499,126.5933),
(92,'서천군',36.0803,126.7072),
(93,'금산군',36.105,127.4779),
(94,'천안시',36.8151,127.113);
